Distance	Measurement 1	Measurement 2
0.00,	333.80,	275
0.00,	334.00,	275.2
0.00,	334.00,	275
0.00,	334.20,	275.2
0.00,	334.20,	275
0.00,	334.20,	275
0.00,	334.20,	275
0.00,	334.00,	275
0.00,	334.00,	275
0.00,	334.20,	275
0.00,	334.00,	274.8
0.00,	334.20,	274.8
0.00,	334.40,	274.6
0.00,	334.40,	274.8
0.00,	334.00,	275
0.00,	334.00,	275.2
0.00,	333.00,	275
0.00,	333.20,	276
0.00,	333.20,	275.8
0.00,	333.20,	275.8
0.00,	333.20,	275.8
0.00,	333.00,	275.8
0.00,	333.00,	275.8
0.00,	332.80,	276
0.00,	332.40,	276.4
0.00,	332.40,	276.6
0.00,	332.40,	276.6
0.00,	332.60,	276.6
0.00,	333.00,	276.8
0.00,	333.80,	277.2
0.00,	334.80,	278
0.00,	335.60,	278.2
0.00,	336.40,	278.8
0.00,	337.00,	279
0.00,	337.80,	279.6
0.00,	338.40,	279.8
0.00,	339.40,	280.6
0.00,	340.40,	280.2
0.00,	342.00,	281
0.00,	343.60,	281.6
0.00,	345.20,	282.4
0.00,	347.40,	283.4
0.00,	349.60,	285
0.00,	352.40,	285.8
0.00,	355.40,	286.8
0.00,	358.60,	288.2
0.00,	362.20,	289.8
0.00,	366.00,	291.4
0.00,	369.40,	293.4
0.00,	372.20,	294.8
0.00,	375.20,	296.4
0.00,	378.20,	298.4
0.00,	382.00,	300.4
0.00,	386.40,	302.8
0.00,	390.60,	305.2
0.00,	395.60,	307.8
0.00,	400.80,	310.4
0.00,	406.20,	313.4
0.00,	411.00,	316.4
0.00,	416.00,	319.2
0.00,	421.20,	322.2
0.00,	426.40,	325.2
0.00,	432.00,	327.8
0.00,	437.00,	330.8
0.00,	442.80,	333.8
0.00,	449.40,	336.6
0.00,	454.40,	339.6
0.00,	459.20,	342.4
0.00,	464.40,	344.8
0.00,	470.00,	347.8
0.00,	475.20,	350.4
0.00,	480.60,	353
0.00,	485.40,	355.6
0.00,	490.00,	358
0.00,	496.40,	360
0.00,	500.40,	362.2
0.00,	502.40,	364
0.00,	503.40,	364.8
0.00,	504.40,	365.8
0.00,	504.40,	366.8
0.00,	504.20,	367.2
0.00,	503.20,	367.4
0.00,	502.60,	367.8
0.00,	501.60,	368.4
0.00,	500.00,	368.6
0.00,	497.40,	369
0.00,	495.60,	369
0.00,	494.00,	369
0.00,	491.60,	369
0.00,	489.00,	368.6
0.00,	487.00,	368.4
0.00,	485.00,	368.2
0.00,	483.20,	368
0.00,	481.40,	368
0.00,	477.60,	367.6
0.00,	475.60,	367.4
0.00,	475.00,	367
0.00,	474.60,	367.2
0.00,	474.40,	367.4
0.00,	475.00,	367.6
0.00,	475.60,	368.2
0.00,	476.40,	368.6
0.00,	476.40,	370.2
0.00,	476.80,	370
0.00,	477.20,	370
0.00,	476.80,	370
0.00,	476.80,	370
0.00,	476.20,	371.4
0.00,	476.40,	371.2
0.00,	476.40,	371.4
0.00,	476.40,	371.4
0.00,	475.80,	371.6
0.00,	474.60,	371.2
0.00,	473.20,	370.8
0.00,	472.20,	370.8
0.00,	470.80,	370.6
0.00,	469.80,	370.6
0.00,	469.00,	370.6
0.00,	468.40,	370.4
0.00,	468.00,	370.6
0.00,	467.60,	370.4
0.00,	467.20,	370.6
0.00,	466.80,	369.4
0.00,	466.80,	370
0.00,	466.60,	370.4
0.00,	467.00,	370.8
0.00,	468.60,	371
0.00,	468.80,	369.8
0.00,	468.80,	370
0.00,	468.60,	370
0.01,	467.20,	370
0.03,	467.20,	370.6
0.09,	466.20,	371.4
0.13,	464.80,	371.8
0.21,	463.20,	372.4
0.27,	462.00,	373.2
0.31,	461.00,	374.4
0.34,	460.20,	376
0.34,	459.00,	377.6
0.34,	457.80,	379
0.34,	456.40,	381
0.34,	454.80,	382.6
0.34,	453.60,	384.2
0.34,	451.60,	385.6
0.34,	450.20,	387.2
0.34,	448.60,	388.8
0.34,	445.40,	390.4
0.34,	444.20,	392.2
0.34,	443.00,	394.2
0.36,	442.20,	396.4
0.40,	442.60,	399.6
0.40,	442.00,	401.8
0.42,	444.00,	404.8
0.42,	445.20,	407.8
0.42,	446.40,	410.6
0.42,	447.60,	413.2
0.42,	448.20,	415.2
0.42,	448.80,	417
0.42,	449.60,	418.8
0.42,	450.20,	420.8
0.42,	451.00,	422.2
0.42,	452.00,	425.4
0.42,	452.60,	427.2
0.42,	453.60,	428.8
0.42,	454.20,	430.6
0.42,	454.80,	432
0.42,	455.80,	433.6
0.42,	456.40,	435
0.42,	457.00,	436.4
0.42,	457.40,	437.6
0.42,	457.20,	438
0.45,	457.40,	439.2
0.49,	457.00,	440.6
0.54,	458.80,	443
0.61,	462.20,	446.4
0.67,	467.00,	451
0.73,	472.40,	456.8
0.76,	478.80,	463
0.76,	485.40,	469.4
0.76,	492.20,	475.4
0.76,	498.60,	481.6
0.76,	505.20,	486.2
0.76,	511.80,	492.4
0.76,	518.40,	498.6
0.76,	525.20,	504.8
0.76,	532.00,	511.2
0.76,	538.60,	517.6
0.76,	545.40,	524
0.78,	552.20,	530.6
0.80,	559.40,	537.8
0.85,	567.80,	545.6
0.89,	576.80,	553.8
0.97,	586.60,	562.4
1.01,	596.60,	571.2
1.09,	606.80,	580.2
1.12,	616.80,	588.8
1.16,	626.60,	597.2
1.19,	636.20,	605.4
1.21,	645.80,	614.2
1.21,	655.80,	623.4
1.22,	666.20,	633.2
1.22,	677.00,	645.8
1.22,	687.60,	655.6
1.22,	698.20,	665.4
1.22,	708.60,	675
1.22,	719.00,	684.4
1.24,	730.20,	696.8
1.28,	742.00,	706.8
1.34,	755.00,	718
1.40,	769.60,	730.6
1.48,	785.00,	744.2
1.58,	801.80,	758.6
1.62,	818.40,	773.4
1.68,	835.20,	787.8
1.70,	850.40,	801.8
1.70,	864.80,	814.8
1.70,	878.40,	827
1.70,	891.40,	838.8
1.70,	904.40,	849.8
1.70,	917.00,	860.8
1.70,	929.00,	870.8
1.70,	941.00,	878.6
1.70,	952.60,	888.6
1.70,	964.80,	899.6
1.70,	976.80,	909.8
1.70,	989.00,	924.4
1.70,	1000.6	, 932.00
1.70,	1011.4	, 942.60
1.70,	1021.4	, 951.60
1.70,	1029	, 958.60
1.70,	1035.4	, 964.00
1.70,	1038.8	, 967.20
1.70,	1041.4	, 969.40
1.71,	1042.2	, 970.60
1.71,	1043.6	, 971.60
1.76,	1045.6	, 973.80
1.86,	1049.8	, 978.20
1.98,	1057.2	, 985.80
2.10,	1067.8	, 996.40
2.16,	1080.6	, 1008.40
2.22,	1094.6	, 1021.80
2.24,	1108	, 1034.60
2.24,	1122.4	, 1048.00
2.24,	1136	, 1060.60
2.24,	1149.8	, 1073.80
2.24,	1163.6	, 1082.60
2.25,	1177.8	, 1095.80
2.25,	1192.4	, 1108.80
2.25,	1207	, 1122.20
2.25,	1222	, 1136.20
2.25,	1236.4	, 1150.00
2.25,	1255.2	, 1164.60
2.25,	1269.4	, 1178.40
2.25,	1283.8	, 1192.20
2.25,	1297	, 1205.20
2.25,	1309.2	, 1216.80
2.25,	1320	, 1226.00
2.25,	1327.6	, 1232.20
2.25,	1336.8	, 1235.80
2.25,	1339.4	, 1238.20
2.25,	1341.4	, 1239.80
2.25,	1343	, 1241.60
2.25,	1344	, 1243.20
2.30,	1346	, 1245.40
2.35,	1349.8	, 1249.20
2.43,	1357.2	, 1256.00
2.52,	1365.8	, 1264.60
2.56,	1374.8	, 1272.60
2.58,	1384.8	, 1282.40
2.58,	1394	, 1290.40
2.58,	1404.6	, 1299.80
2.58,	1410.2	, 1308.40
2.59,	1421.4	, 1317.80
2.59,	1431.8	, 1327.20
2.59,	1443.8	, 1336.80
2.59,	1455	, 1347.40
2.64,	1467.6	, 1358.80
2.67,	1480.6	, 1372.00
2.68,	1490.4	, 1385.60
2.68,	1502.8	, 1402.60
2.68,	1516.2	, 1415.60
2.68,	1529.6	, 1427.00
2.68,	1542.8	, 1439.60
2.68,	1556.2	, 1451.20
2.68,	1566.6	, 1461.00
2.68,	1575.2	, 1469.60
2.68,	1588	, 1474.40
2.68,	1593.6	, 1481.00
2.68,	1598	, 1484.40
2.68,	1602.2	, 1489.80
2.74,	1608.2	, 1496.40
2.85,	1617.8	, 1504.40
2.98,	1629.4	, 1515.40
3.07,	1645.4	, 1529.40
3.16,	1663.4	, 1545.80
3.19,	1685	, 1563.20
3.28,	1708.4	, 1584.00
3.38,	1732.2	, 1605.40
3.49,	1759.2	, 1627.40
3.59,	1791	, 1651.40
3.67,	1828	, 1680.80
3.74,	1865.4	, 1711.20
3.83,	1904.8	, 1744.00
3.95,	1948	, 1781.80
4.08,	1998	, 1823.60
4.16,	2051.6	, 1866.00
4.20,	2099.6	, 1914.40
4.20,	2151.2	, 1960.20
4.20,	2203.6	, 2004.60
4.20,	2261	, 2050.00
4.20,	2313	, 2095.60
4.20,	2361	, 2137.40
4.20,	2410.4	, 2175.60
4.20,	2454.6	, 2215.20
4.20,	2493.6	, 2249.60
4.22,	2534	, 2282.00
4.22,	2569	, 2313.80
4.22,	2600.4	, 2340.40
4.22,	2631.2	, 2364.80
4.22,	2657.4	, 2387.40
4.22,	2674.6	, 2405.20
4.22,	2695.4	, 2422.40
4.22,	2713.8	, 2439.40
4.22,	2723.8	, 2449.40
4.22,	2731.6	, 2453.60
4.22,	2734.2	, 2459.00
4.22,	2732.6	, 2459.00
4.22,	2735.2	, 2456.80
4.22,	2739.8	, 2459.40
4.22,	2736.8	, 2462.60
4.22,	2735.4	, 2459.20
4.22,	2739.4	, 2459.00
4.22,	2735.8	, 2461.80
4.22,	2732.6	, 2457.80
4.22,	2734.8	, 2455.80
4.22,	2732	, 2458.20
4.22,	2728.2	, 2454.60
4.22,	2730.8	, 2452.00
4.22,	2729	, 2454.40
4.22,	2725.2	, 2451.40
4.22,	2727.4	, 2449.00
4.22,	2726.8	, 2451.80
4.22,	2723.8	, 2449.80
4.22,	2729.2	, 2449.00
4.22,	2728.6	, 2454.20
4.22,	2727	, 2452.00
4.22,	2732.6	, 2453.60
4.22,	2732.4	, 2457.80
4.22,	2733.8	, 2458.00
4.22,	2735.6	, 2459.60
4.22,	2739.4	, 2469.20
4.22,	2740.2	, 2474.40
4.22,	2741	, 2474.00
4.22,	2747.6	, 2476.00
4.22,	2747.6	, 2482.00
4.22,	2748	, 2480.00
4.23,	2754.8	, 2483.40
4.32,	2756	, 2491.00
4.51,	2769	, 2499.60
4.66,	2790.8	, 2511.60
4.71,	2809.8	, 2527.80
4.71,	2826	, 2540.40
4.72,	2846.2	, 2556.20
4.83,	2864.8	, 2576.20
4.95,	2892.4	, 2594.60
5.05,	2928.8	, 2621.00
5.08,	2959.6	, 2651.00
5.08,	2992.6	, 2678.20
5.08,	3027.2	, 2704.80
5.08,	3062.2	, 2733.20
5.11,	3093.4	, 2755.40
5.18,	3133.8	, 2782.40
5.32,	3174	, 2820.40
5.41,	3221.2	, 2859.20
5.48,	3270	, 2893.80
5.48,	3315.6	, 2938.80
5.48,	3364	, 2978.00
5.48,	3412.6	, 3011.20
5.56,	3448	, 3047.40
5.75,	3486.2	, 3089.80
5.84,	3526.8	, 3133.40
5.84,	3569.2	, 3176.00
5.84,	3610.8	, 3216.80
5.84,	3649	, 3254.60
5.84,	3680.6	, 3289.80
5.84,	3704.2	, 3320.60
5.94,	3734.6	, 3346.00
6.18,	3780.6	, 3377.20
6.32,	3825.8	, 3419.00
6.33,	3870.2	, 3456.00
6.33,	3925.4	, 3492.00
6.45,	3964.4	, 3534.80
6.63,	4019.4	, 3572.00
6.81,	4072.4	, 3609.20
6.93,	4128	, 3652.20
6.94,	4186.2	, 3691.60
6.94,	4236	, 3736.40
7.02,	4287.8	, 3787.60
7.20,	4349.2	, 3834.20
7.37,	4414.6	, 3871.80
7.48,	4478.6	, 3912.20
7.58,	4538.8	, 3963.20
7.66,	4613.2	, 4005.40
7.66,	4675.8	, 4059.00
7.66,	4749.8	, 4102.40
7.66,	4814.2	, 4155.60
7.67,	4882	, 4200.40
7.67,	4930.8	, 4247.80
7.67,	4978.2	, 4300.40
7.67,	5027.6	, 4338.20
7.81,	5073.8	, 4380.00
8.02,	5125.2	, 4425.40
8.05,	5173.2	, 4459.60
8.05,	5213.6	, 4494.00
8.12,	5246.4	, 4533.60
8.43,	5286.4	, 4578.40
8.69,	5336.4	, 4625.40
8.79,	5394.4	, 4667.80
8.89,	5452.8	, 4702.20
8.98,	5497.2	, 4740.00
8.98,	5551.2	, 4781.60
8.98,	5596.4	, 4810.80
8.98,	5634.2	, 4840.40
8.98,	5676.8	, 4862.40
8.98,	5702.4	, 4903.40
8.98,	5745.8	, 4929.60
8.98,	5785.4	, 4956.20
9.00,	5821.6	, 4984.80
9.10,	5856.2	, 5007.80
9.34,	5908.8	, 5037.20
9.39,	5944.6	, 5079.40
9.45,	5996	, 5118.00
9.62,	6031	, 5162.80
9.82,	6073.2	, 5200.60
9.95,	6131	, 5230.00
10.1	, 6179.4	0, 5262.80
10.3	, 6218.0	0, 5295.20
10.46	, 6250.2	0, 5331.00
10.55	, 6275.2	0, 5372.00
10.65	, 6303.8	0, 5412.60
10.86	, 6300.6	0, 5432.80
11.1	, 6203.0	0, 5463.80
11.19	, 6240.6	0, 5503.20
11.19	, 6281.4	0, 5548.40
11.19	, 6336.0	0, 5584.60
11.19	, 6386.8	0, 5617.20
11.19	, 6429.0	0, 5654.40
11.22	, 6473.2	0, 5694.00
11.32	, 6524.8	0, 5730.60
11.32	, 6563.8	0, 5764.20
11.32	, 6607.0	0, 5785.20
11.32	, 6633.4	0, 5809.40
11.32	, 6676.4	0, 5829.00
11.37	, 6707.4	0, 5848.00
11.59	, 6724.6	0, 5880.60
11.77	, 6759.4	0, 5896.40
11.79	, 6786.0	0, 5910.00
11.79	, 6819.2	0, 5925.60
11.79	, 6846.8	0, 5931.60
11.79	, 6872.6	0, 5947.60
11.79	, 6923.4	0, 5961.40
11.82	, 7073.2	0, 5980.20
12.07	, 7093.4	0, 5986.60
12.17	, 7110.8	0, 5998.80
12.17	, 7126.0	0, 5997.40
12.34	, 7139.8	0, 6040.60
12.62	, 7152.8	0, 6065.40
12.75	, 7185.2	0, 6073.80
12.84	, 7209.4	0, 6089.00
12.98	, 7222.6	0, 6119.20
13.08	, 7242.2	0, 6139.00
13.08	, 7273.4	0, 6143.80
13.08	, 7294.6	0, 6165.00
13.16	, 7312.2	0, 6197.60
13.34	, 7333.2	0, 6211.00
13.34	, 7345.6	0, 6221.40
13.34	, 7373.2	0, 6233.00
13.4	, 7389.6	0, 6249.20
13.56	, 7407.4	0, 6278.00
13.68	, 7423.0	0, 6292.80
13.69	, 7436.4	0, 6315.20
13.69	, 7462.4	0, 6320.00
13.89	, 7481.0	0, 6338.00
14.08	, 7509.8	0, 6343.40
14.1	, 7533.8	0, 6364.20
14.1	, 7555.2	0, 6350.40
14.1	, 7581.6	0, 6358.40
14.1	, 7596.2	0, 6374.60
14.1	, 7609.4	0, 6380.00
14.1	, 7626.4	0, 6383.40
14.11	, 7646.8	0, 6398.80
14.11	, 7655.0	0, 6418.00
14.11	, 7666.0	0, 6428.40
14.2	, 7684.8	0, 6455.80
14.48	, 7706.4	0, 6463.80
14.59	, 7722.8	0, 6478.60
14.59	, 7734.0	0, 6484.60
14.65	, 7748.2	0, 6490.40
14.77	, 7766.8	0, 6489.60
14.77	, 7788.0	0, 6487.80
14.8	, 7806.4	0, 6493.00
14.91	, 7821.0	0, 6500.40
15	, 7827.0	0, 6504.00
15	, 7832.0	0, 6508.80
15.06	, 7833.2	0, 6513.80
15.29	, 7834.0	0, 6526.20
15.48	, 7837.4	0, 6539.00
15.51	, 7845.4	0, 6558.80
15.51	, 7859.0	0, 6574.00
15.51	, 7873.4	0, 6579.00
15.53	, 7886.2	0, 6579.40
15.64	, 7897.2	0, 6581.40
15.81	, 7901.2	0, 6592.00
15.82	, 7910.6	0, 6585.80
16	, 7928.2	0, 6622.80
16.19	, 7942.6	0, 6629.00
16.28	, 7953.4	0, 6663.40
16.3	, 7966.2	0, 6681.80
16.31	, 7984.0	0, 6698.20
16.43	, 7999.0	0, 6708.00
16.67	, 8014.0	0, 6719.80
16.69	, 8025.2	0, 6743.40
16.78	, 8049.4	0, 6772.40
17.01	, 8072.0	0, 6787.20
17.21	, 8094.2	0, 6796.20
17.21	, 8117.6	0, 6815.80
17.21	, 8144.2	0, 6826.40
17.21	, 8157.6	0, 6825.20
17.21	, 8162.8	0, 6839.40
17.21	, 8180.8	0, 6857.20
17.34	, 8192.4	0, 6867.00
17.45	, 8208.4	0, 6889.60
17.45	, 8234.8	0, 6895.40
17.51	, 8242.6	0, 6891.00
17.71	, 8275.2	0, 6880.60
17.74	, 8291.4	0, 6896.80
17.74	, 8304.2	0, 6888.80
17.83	, 8321.4	0, 6898.40
18.13	, 8337.4	0, 6909.40
18.36	, 8351.2	0, 6924.80
18.5	, 8372.6	0, 6950.00
18.71	, 8395.2	0, 6952.40
18.94	, 8394.6	0, 6965.00
19.04	, 8400.2	0, 6982.20
19.13	, 8394.2	0, 7004.20
19.2	, 8393.0	0, 7008.00
19.49	, 8380.8	0, 7014.40
19.58	, 8376.2	0, 7036.00
19.58	, 8379.6	0, 7032.80
19.64	, 8373.0	0, 7047.40
19.82	, 8371.4	0, 7059.60
19.82	, 8367.6	0, 7070.40
19.82	, 8364.8	0, 7079.00
19.82	, 8370.2	0, 7128.00
19.82	, 8344.2	0, 7127.00
19.82	, 8334.6	0, 7143.80
19.82	, 8333.2	0, 7149.40
19.82	, 8324.2	0, 7158.60
19.82	, 8309.8	0, 7156.80
19.82	, 8300.6	0, 7174.00
19.82	, 8282.8	0, 7163.80
19.91	, 8277.2	0, 7179.80
20.07	, 8293.2	0, 7171.60
20.07	, 8308.8	0, 7179.20
20.08	, 8331.2	0, 7180.80
20.35	, 8355.0	0, 7180.60
20.4	, 8383.8	0, 7197.00
20.4	, 8409.0	0, 7188.00
20.4	, 8434.8	0, 7199.60
20.4	, 8451.8	0, 7196.00
20.4	, 8477.4	0, 7202.80
20.4	, 8503.0	0, 7205.60
20.4	, 8519.0	0, 7204.20
20.4	, 8544.6	0, 7179.00
20.4	, 8560.4	0, 7189.20
20.4	, 8583.2	0, 7179.00
20.4	, 8606.0	0, 7193.60
20.4	, 8622.8	0, 7185.20
20.4	, 8646.4	0, 7192.80
20.4	, 8666.0	0, 7193.60
20.4	, 8685.8	0, 7195.40
20.4	, 8700.6	0, 7194.60
20.4	, 8700.8	0, 7203.60
20.4	, 8697.4	0, 7220.00
20.4	, 8704.8	0, 7227.40
20.4	, 8698.0	0, 7229.00
20.4	, 8698.0	0, 7216.80
20.4	, 8701.6	0, 7254.00
20.4	, 8693.8	0, 7247.80
20.4	, 8701.4	0, 7247.40
20.4	, 8697.4	0, 7255.20
20.4	, 8695.4	0, 7241.00
20.4	, 8700.8	0, 7252.00
20.4	, 8693.8	0, 7250.80
20.4	, 8697.8	0, 7241.20
20.4	, 8698.6	0, 7252.20
20.4	, 8691.0	0, 7242.60
20.4	, 8696.8	0, 7242.80
20.4	, 8692.8	0, 7249.80
20.4	, 8689.4	0, 7235.20
20.4	, 8697.2	0, 7247.20
20.4	, 8695.2	0, 7249.00
20.4	, 8702.2	0, 7243.40
20.4	, 8709.2	0, 7231.80
20.4	, 8707.2	0, 7229.00
20.4	, 8720.4	0, 7231.40
20.4	, 8715.2	0, 7235.80
20.4	, 8705.8	0, 7203.40
20.4	, 8706.8	0, 7206.80
20.4	, 8698.2	0, 7199.60
20.4	, 8694.8	0, 7184.20
20.4	, 8689.4	0, 7190.40
20.4	, 8698.2	0, 7179.40
20.4	, 8691.8	0, 7162.40
20.4	, 8683.0	0, 7167.40
20.4	, 8665.6	0, 7153.60
20.4	, 8664.0	0, 7149.80
20.4	, 8662.8	0, 7153.80
20.4	, 8664.0	0, 7145.80
20.4	, 8661.8	0, 7143.40
20.4	, 8649.2	0, 7129.80
20.4	, 8641.6	0, 7122.40
20.4	, 8652.6	0, 7143.40
20.4	, 8655.6	0, 7146.40
20.4	, 8667.2	0, 7148.00
20.4	, 8671.2	0, 7156.00
20.4	, 8686.2	0, 7169.40
20.4	, 8698.8	0, 7181.00
20.4	, 8702.8	0, 7182.00
20.4	, 8715.2	0, 7188.80
20.41	, 8754.4	0, 7205.60
20.46	, 8768.0	0, 7216.20
20.75	, 8758.0	0, 7234.60
20.77	, 8763.2	0, 7255.00
20.99	, 8756.4	0, 7256.60
21.31	, 8763.0	0, 7267.40
21.5	, 8763.2	0, 7282.80
21.86	, 8757.8	0, 7296.60
22.2	, 8784.2	0, 7315.20
22.51	, 8794.6	0, 7343.80
22.99	, 8815.4	0, 7371.00
23.36	, 8840.2	0, 7393.20
23.71	, 8845.4	0, 7396.20
23.99	, 8857.4	0, 7405.60
24.09	, 8867.0	0, 7423.00
24.09	, 8876.0	0, 7435.80
24.09	, 8886.2	0, 7442.60
24.26	, 8903.6	0, 7452.20
24.38	, 8925.6	0, 7471.80
24.38	, 8941.4	0, 7491.20
24.6	, 8926.0	0, 7500.00
24.97	, 8931.8	0, 7503.20
25.24	, 8938.8	0, 7501.00
25.43	, 8950.4	0, 7502.60
25.61	, 8973.4	0, 7509.60
25.72	, 8988.8	0, 7513.80
25.82	, 9001.4	0, 7512.00
26.02	, 9011.0	0, 7503.20
26.4	, 9018.6	0, 7493.80
26.66	, 9021.6	0, 7492.80
26.82	, 9021.0	0, 7495.60
27.07	, 9018.2	0, 7488.60
27.34	, 9011.0	0, 7480.20
27.7	, 9011.4	0, 7481.00
28.04	, 9009.2	0, 7484.20
28.19	, 9006.2	0, 7479.80
28.19	, 9007.0	0, 7474.80
28.4	, 9013.0	0, 7477.20
28.86	, 9019.6	0, 7480.60
29.44	, 9025.6	0, 7484.20
30.05	, 9041.6	0, 7526.80
30.58	, 9066.6	0, 7543.20
30.9	, 9100.6	0, 7594.60
31.2	, 9139.4	0, 7627.20
31.86	, 9208.0	0, 7660.60
32.47	, 9254.2	0, 7697.20
32.54	, 9300.4	0, 7731.60
32.72	, 9354.8	0, 7766.80
33.3	, 9391.2	0, 7805.80
33.62	, 9458.0	0, 7840.20
33.93	, 9523.6	0, 7880.80
34.65	, 9591.0	0, 7937.80
35.18	, 9666.4	0, 7996.80
35.45	, 9732.2	0, 8042.60
35.84	, 9802.6	0, 8093.40
36.11	, 9877.2	0, 8150.00
36.12	, 9948.4	0, 8208.60
36.27	, 10013.	00, 8263.20
36.69	, 10083.	20, 8314.40
37.18	, 10156.	20, 8374.20
37.69	, 10227.	00, 8399.00
37.83	, 10298.	60, 8453.80
37.83	, 10361.	60, 8482.20
38.09	, 10425.	40, 8524.80
38.76	, 10456.	00, 8573.40
38.85	, 10508.	80, 8623.20
38.88	, 10562.	20, 8676.20
39.31	, 10621.	80, 8726.20
40.04	, 10675.	40, 8767.20
40.46	, 10728.	00, 8806.20
40.67	, 10813.	40, 8834.80
41.28	, 10870.	60, 8860.00
41.92	, 10926.	60, 8892.20
43.06	, 10930.	00, 8932.40
43.65	, 10955.	20, 9006.20
43.65	, 10901.	20, 8986.80
43.65	, 10835.	80, 8956.40
43.65	, 10767.	00, 8944.00
43.65	, 10707.	40, 8918.80
43.65	, 10644.	60, 8874.80
43.65	, 10579.	60, 8834.60
43.65	, 10496.	60, 8795.20
43.65	, 10418.	80, 8752.00
43.65	, 10338.	20, 8713.20
43.65	, 10260.	00, 8667.00
43.65	, 10183.	60, 8616.20
43.65	, 10109.	00, 8564.80
43.65	, 10070.	60, 8539.20
43.65	, 9996.6	0, 8506.80
43.65	, 9908.4	0, 8479.60
43.65	, 9753.2	0, 8401.20
43.65	, 9593.6	0, 8315.40
43.65	, 9413.6	0, 8169.20
43.65	, 9286.0	0, 8014.20
43.65	, 9166.0	0, 7832.80
43.65	, 9073.6	0, 7727.20
43.65	, 9010.0	0, 7616.00
43.65	, 8952.2	0, 7511.40
43.65	, 8891.4	0, 7430.60
43.65	, 8834.6	0, 7365.00
43.65	, 8802.0	0, 7297.20
